      1  0.00000000E+00  0.50000000E-02  0.00000000E+00
      2  0.00000000E+00  0.00000000E+00  0.00000000E+00
      3  0.10000000E-01  0.50000000E-02  0.00000000E+00
      4  0.10000000E-01  0.00000000E+00  0.00000000E+00
      5  0.00000000E+00  0.00000000E+00  0.75000000E-02
      6  0.10000000E-01  0.00000000E+00  0.75000000E-02
      7  0.10000000E-01  0.50000000E-02  0.75000000E-02
      8  0.00000000E+00  0.50000000E-02  0.75000000E-02
      9  0.00000000E+00  0.41596500E-02  0.00000000E+00
     10  0.00000000E+00  0.33193500E-02  0.00000000E+00
     11  0.00000000E+00  0.25000000E-02  0.00000000E+00
     12  0.00000000E+00  0.16806500E-02  0.00000000E+00
     13  0.00000000E+00  0.84035000E-03  0.00000000E+00
     14  0.91597000E-02  0.50000000E-02  0.00000000E+00
     15  0.83193000E-02  0.50000000E-02  0.00000000E+00
     16  0.74206000E-02  0.50000000E-02  0.00000000E+00
     17  0.62157000E-02  0.50000000E-02  0.00000000E+00
     18  0.53066000E-02  0.50000000E-02  0.00000000E+00
     19  0.43975000E-02  0.50000000E-02  0.00000000E+00
     20  0.34885000E-02  0.50000000E-02  0.00000000E+00
     21  0.25794000E-02  0.50000000E-02  0.00000000E+00
     22  0.16807000E-02  0.50000000E-02  0.00000000E+00
     23  0.84030000E-03  0.50000000E-02  0.00000000E+00
     24  0.10000000E-01  0.84035000E-03  0.00000000E+00
     25  0.10000000E-01  0.16806500E-02  0.00000000E+00
     26  0.10000000E-01  0.25000000E-02  0.00000000E+00
     27  0.10000000E-01  0.33193500E-02  0.00000000E+00
     28  0.10000000E-01  0.41596500E-02  0.00000000E+00
     29  0.84030000E-03  0.00000000E+00  0.00000000E+00
     30  0.16807000E-02  0.00000000E+00  0.00000000E+00
     31  0.25794000E-02  0.00000000E+00  0.00000000E+00
     32  0.37843000E-02  0.00000000E+00  0.00000000E+00
     33  0.46934000E-02  0.00000000E+00  0.00000000E+00
     34  0.56025000E-02  0.00000000E+00  0.00000000E+00
     35  0.65115000E-02  0.00000000E+00  0.00000000E+00
     36  0.74206000E-02  0.00000000E+00  0.00000000E+00
     37  0.83193000E-02  0.00000000E+00  0.00000000E+00
     38  0.91597000E-02  0.00000000E+00  0.00000000E+00
     39  0.84030000E-03  0.00000000E+00  0.75000000E-02
     40  0.16807000E-02  0.00000000E+00  0.75000000E-02
     41  0.25794000E-02  0.00000000E+00  0.75000000E-02
     42  0.37843000E-02  0.00000000E+00  0.75000000E-02
     43  0.46934000E-02  0.00000000E+00  0.75000000E-02
     44  0.56025000E-02  0.00000000E+00  0.75000000E-02
     45  0.65115000E-02  0.00000000E+00  0.75000000E-02
     46  0.74206000E-02  0.00000000E+00  0.75000000E-02
     47  0.83193000E-02  0.00000000E+00  0.75000000E-02
     48  0.91597000E-02  0.00000000E+00  0.75000000E-02
     49  0.10000000E-01  0.84035000E-03  0.75000000E-02
     50  0.10000000E-01  0.16806500E-02  0.75000000E-02
     51  0.10000000E-01  0.25000000E-02  0.75000000E-02
     52  0.10000000E-01  0.33193500E-02  0.75000000E-02
     53  0.10000000E-01  0.41596500E-02  0.75000000E-02
     54  0.91597000E-02  0.50000000E-02  0.75000000E-02
     55  0.83193000E-02  0.50000000E-02  0.75000000E-02
     56  0.74206000E-02  0.50000000E-02  0.75000000E-02
     57  0.62157000E-02  0.50000000E-02  0.75000000E-02
     58  0.53066000E-02  0.50000000E-02  0.75000000E-02
     59  0.43975000E-02  0.50000000E-02  0.75000000E-02
     60  0.34885000E-02  0.50000000E-02  0.75000000E-02
     61  0.25794000E-02  0.50000000E-02  0.75000000E-02
     62  0.16807000E-02  0.50000000E-02  0.75000000E-02
     63  0.84030000E-03  0.50000000E-02  0.75000000E-02
     64  0.00000000E+00  0.41596500E-02  0.75000000E-02
     65  0.00000000E+00  0.33193500E-02  0.75000000E-02
     66  0.00000000E+00  0.25000000E-02  0.75000000E-02
     67  0.00000000E+00  0.16806500E-02  0.75000000E-02
     68  0.00000000E+00  0.84035000E-03  0.75000000E-02
     69  0.00000000E+00  0.00000000E+00  0.66597000E-02
     70  0.00000000E+00  0.00000000E+00  0.58193250E-02
     71  0.00000000E+00  0.00000000E+00  0.49020000E-02
     72  0.00000000E+00  0.00000000E+00  0.42187500E-02
     73  0.00000000E+00  0.00000000E+00  0.35355750E-02
     74  0.00000000E+00  0.00000000E+00  0.25980750E-02
     75  0.00000000E+00  0.00000000E+00  0.16806750E-02
     76  0.00000000E+00  0.00000000E+00  0.84030000E-03
     77  0.10000000E-01  0.00000000E+00  0.84030000E-03
     78  0.10000000E-01  0.00000000E+00  0.16806750E-02
     79  0.10000000E-01  0.00000000E+00  0.25980000E-02
     80  0.10000000E-01  0.00000000E+00  0.32812500E-02
     81  0.10000000E-01  0.00000000E+00  0.39644250E-02
     82  0.10000000E-01  0.00000000E+00  0.49019250E-02
     83  0.10000000E-01  0.00000000E+00  0.58193250E-02
     84  0.10000000E-01  0.00000000E+00  0.66597000E-02
     85  0.10000000E-01  0.50000000E-02  0.84030000E-03
     86  0.10000000E-01  0.50000000E-02  0.16806750E-02
     87  0.10000000E-01  0.50000000E-02  0.25980000E-02
     88  0.10000000E-01  0.50000000E-02  0.32812500E-02
     89  0.10000000E-01  0.50000000E-02  0.39644250E-02
     90  0.10000000E-01  0.50000000E-02  0.49019250E-02
     91  0.10000000E-01  0.50000000E-02  0.58193250E-02
     92  0.10000000E-01  0.50000000E-02  0.66597000E-02
     93  0.00000000E+00  0.50000000E-02  0.66597000E-02
     94  0.00000000E+00  0.50000000E-02  0.58193250E-02
     95  0.00000000E+00  0.50000000E-02  0.49020000E-02
     96  0.00000000E+00  0.50000000E-02  0.42187500E-02
     97  0.00000000E+00  0.50000000E-02  0.35355750E-02
     98  0.00000000E+00  0.50000000E-02  0.25980750E-02
     99  0.00000000E+00  0.50000000E-02  0.16806750E-02
    100  0.00000000E+00  0.50000000E-02  0.84030000E-03
    101  0.87812837E-02  0.66071407E-03  0.00000000E+00
    102  0.79228488E-02  0.75767708E-03  0.00000000E+00
    103  0.69958320E-02  0.79124270E-03  0.00000000E+00
    104  0.60683747E-02  0.81058191E-03  0.00000000E+00
    105  0.51289230E-02  0.82210750E-03  0.00000000E+00
    106  0.42158972E-02  0.82913456E-03  0.00000000E+00
    107  0.31625729E-02  0.82932532E-03  0.00000000E+00
    108  0.21180016E-02  0.77883457E-03  0.00000000E+00
    109  0.12263737E-02  0.66657414E-03  0.00000000E+00
    110  0.93424869E-02  0.37806966E-02  0.00000000E+00
    111  0.92123007E-02  0.29420939E-02  0.00000000E+00
    112  0.92098890E-02  0.20506049E-02  0.00000000E+00
    113  0.93516226E-02  0.11989986E-02  0.00000000E+00
    114  0.12232266E-02  0.43418955E-02  0.00000000E+00
    115  0.20842984E-02  0.42408563E-02  0.00000000E+00
    116  0.30193316E-02  0.41964186E-02  0.00000000E+00
    117  0.39753355E-02  0.41717352E-02  0.00000000E+00
    118  0.49132510E-02  0.41623562E-02  0.00000000E+00
    119  0.58297366E-02  0.41609553E-02  0.00000000E+00
    120  0.68449856E-02  0.41662317E-02  0.00000000E+00
    121  0.78845533E-02  0.42194233E-02  0.00000000E+00
    122  0.87934445E-02  0.43322497E-02  0.00000000E+00
    123  0.65162638E-03  0.12041935E-02  0.00000000E+00
    124  0.79073941E-03  0.20515407E-02  0.00000000E+00
    125  0.79563730E-03  0.29458094E-02  0.00000000E+00
    126  0.65309751E-03  0.38026456E-02  0.00000000E+00
    127  0.85014732E-02  0.14577228E-02  0.00000000E+00
    128  0.75488217E-02  0.15982327E-02  0.00000000E+00
    129  0.65351640E-02  0.16197427E-02  0.00000000E+00
    130  0.55736459E-02  0.16402652E-02  0.00000000E+00
    131  0.46197200E-02  0.16526633E-02  0.00000000E+00
    132  0.36126369E-02  0.16551161E-02  0.00000000E+00
    133  0.25466170E-02  0.16301277E-02  0.00000000E+00
    134  0.15249906E-02  0.14725527E-02  0.00000000E+00
    135  0.84777948E-02  0.35150915E-02  0.00000000E+00
    136  0.81943734E-02  0.24801095E-02  0.00000000E+00
    137  0.15097202E-02  0.35344566E-02  0.00000000E+00
    138  0.24973900E-02  0.33864395E-02  0.00000000E+00
    139  0.35138129E-02  0.33455854E-02  0.00000000E+00
    140  0.45103485E-02  0.33261767E-02  0.00000000E+00
    141  0.54599852E-02  0.33152697E-02  0.00000000E+00
    142  0.64274508E-02  0.33187458E-02  0.00000000E+00
    143  0.74728487E-02  0.33606920E-02  0.00000000E+00
    144  0.18098114E-02  0.25019806E-02  0.00000000E+00
    145  0.70079342E-02  0.24645501E-02  0.00000000E+00
    146  0.59946215E-02  0.24658320E-02  0.00000000E+00
    147  0.50363519E-02  0.24822106E-02  0.00000000E+00
    148  0.40597905E-02  0.24930567E-02  0.00000000E+00
    149  0.30206812E-02  0.24996859E-02  0.00000000E+00
    150  0.54332483E-03  0.44608382E-02  0.00000000E+00
    151  0.54262368E-03  0.54386417E-03  0.00000000E+00
    152  0.94591263E-02  0.44545193E-02  0.00000000E+00
    153  0.94585213E-02  0.54001253E-03  0.00000000E+00
    154  0.66791232E-03  0.12340990E-02  0.75000000E-02
    155  0.80455431E-03  0.20679337E-02  0.75000000E-02
    156  0.85309647E-03  0.29940140E-02  0.75000000E-02
    157  0.86969631E-03  0.41331324E-02  0.75000000E-02
    158  0.20429020E-02  0.41779114E-02  0.75000000E-02
    159  0.30013431E-02  0.41826177E-02  0.75000000E-02
    160  0.39328621E-02  0.41853647E-02  0.75000000E-02
    161  0.48674777E-02  0.41781825E-02  0.75000000E-02
    162  0.57841112E-02  0.41708104E-02  0.75000000E-02
    163  0.68374355E-02  0.41706679E-02  0.75000000E-02
    164  0.78816327E-02  0.42212962E-02  0.75000000E-02
    165  0.87747994E-02  0.43241102E-02  0.75000000E-02
    166  0.93264291E-02  0.37754237E-02  0.75000000E-02
    167  0.91943151E-02  0.29465062E-02  0.75000000E-02
    168  0.91942978E-02  0.20642102E-02  0.75000000E-02
    169  0.93325599E-02  0.12426460E-02  0.75000000E-02
    170  0.87731298E-02  0.67361744E-03  0.75000000E-02
    171  0.79043639E-02  0.76202719E-03  0.75000000E-02
    172  0.69663002E-02  0.80808471E-03  0.75000000E-02
    173  0.60231447E-02  0.82646153E-03  0.75000000E-02
    174  0.50909155E-02  0.83355013E-03  0.75000000E-02
    175  0.41705220E-02  0.83868518E-03  0.75000000E-02
    176  0.31551538E-02  0.83283351E-03  0.75000000E-02
    177  0.21142717E-02  0.77942697E-03  0.75000000E-02
    178  0.12301846E-02  0.67566674E-03  0.75000000E-02
    179  0.15325502E-02  0.14885822E-02  0.75000000E-02
    180  0.18289420E-02  0.25062587E-02  0.75000000E-02
    181  0.16153862E-02  0.34374095E-02  0.75000000E-02
    182  0.24946505E-02  0.33698224E-02  0.75000000E-02
    183  0.34697441E-02  0.33626078E-02  0.75000000E-02
    184  0.44282945E-02  0.33531048E-02  0.75000000E-02
    185  0.53872010E-02  0.33459403E-02  0.75000000E-02
    186  0.63919931E-02  0.33455446E-02  0.75000000E-02
    187  0.74545781E-02  0.33724818E-02  0.75000000E-02
    188  0.84697152E-02  0.35235998E-02  0.75000000E-02
    189  0.81754482E-02  0.24964534E-02  0.75000000E-02
    190  0.84675996E-02  0.14836041E-02  0.75000000E-02
    191  0.74837642E-02  0.16190387E-02  0.75000000E-02
    192  0.64491129E-02  0.16603857E-02  0.75000000E-02
    193  0.54888599E-02  0.16748375E-02  0.75000000E-02
    194  0.45355683E-02  0.16823324E-02  0.75000000E-02
    195  0.35593144E-02  0.16710644E-02  0.75000000E-02
    196  0.25343071E-02  0.16358741E-02  0.75000000E-02
    197  0.29809261E-02  0.25144299E-02  0.75000000E-02
    198  0.39794090E-02  0.25222312E-02  0.75000000E-02
    199  0.49500386E-02  0.25174922E-02  0.75000000E-02
    200  0.59405394E-02  0.25074893E-02  0.75000000E-02
    201  0.69760312E-02  0.25007353E-02  0.75000000E-02
    202  0.54537310E-03  0.55189220E-03  0.75000000E-02
    203  0.94552556E-02  0.55342733E-03  0.75000000E-02
    204  0.94492259E-02  0.44485651E-02  0.75000000E-02
    205  0.91194214E-02  0.00000000E+00  0.66075396E-02
    206  0.91829113E-02  0.00000000E+00  0.53817206E-02
    207  0.94191581E-02  0.00000000E+00  0.37099536E-02
    208  0.92513864E-02  0.00000000E+00  0.30268281E-02
    209  0.91961402E-02  0.00000000E+00  0.20968644E-02
    210  0.91307613E-02  0.00000000E+00  0.89821055E-03
    211  0.87964949E-03  0.00000000E+00  0.90060476E-03
    212  0.77580389E-03  0.00000000E+00  0.21131148E-02
    213  0.54929454E-03  0.00000000E+00  0.38073075E-02
    214  0.68942264E-03  0.00000000E+00  0.44615514E-02
    215  0.69068282E-03  0.00000000E+00  0.53422653E-02
    216  0.64377639E-03  0.00000000E+00  0.62341916E-02
    217  0.78880934E-02  0.00000000E+00  0.66184177E-02
    218  0.69137466E-02  0.00000000E+00  0.66396777E-02
    219  0.60385691E-02  0.00000000E+00  0.66957249E-02
    220  0.51402046E-02  0.00000000E+00  0.66775976E-02
    221  0.42227929E-02  0.00000000E+00  0.66624020E-02
    222  0.21821779E-02  0.00000000E+00  0.64508510E-02
    223  0.12083917E-02  0.00000000E+00  0.67450503E-02
    224  0.79435639E-02  0.00000000E+00  0.83630733E-03
    225  0.69850400E-02  0.00000000E+00  0.80291112E-03
    226  0.60491832E-02  0.00000000E+00  0.80385550E-03
    227  0.50863524E-02  0.00000000E+00  0.81378834E-03
    228  0.40781293E-02  0.00000000E+00  0.82199977E-03
    229  0.22137125E-02  0.00000000E+00  0.10441328E-02
    230  0.92543632E-02  0.00000000E+00  0.44313802E-02
    231  0.69668633E-03  0.00000000E+00  0.30784840E-02
    232  0.82640919E-02  0.00000000E+00  0.56999361E-02
    233  0.85384554E-02  0.00000000E+00  0.48235577E-02
    234  0.84164835E-02  0.00000000E+00  0.38132473E-02
    235  0.84200745E-02  0.00000000E+00  0.26626134E-02
    236  0.83135621E-02  0.00000000E+00  0.17269913E-02
    237  0.15537843E-02  0.00000000E+00  0.17758159E-02
    238  0.14948939E-02  0.00000000E+00  0.26773554E-02
    239  0.13321511E-02  0.00000000E+00  0.37531899E-02
    240  0.14150211E-02  0.00000000E+00  0.48136308E-02
    241  0.13847798E-02  0.00000000E+00  0.58146231E-02
    242  0.72676062E-02  0.00000000E+00  0.57330024E-02
    243  0.63443904E-02  0.00000000E+00  0.57711675E-02
    244  0.55590567E-02  0.00000000E+00  0.59823807E-02
    245  0.46882452E-02  0.00000000E+00  0.57351557E-02
    246  0.74375116E-02  0.00000000E+00  0.15911457E-02
    247  0.65141896E-02  0.00000000E+00  0.15980432E-02
    248  0.55560944E-02  0.00000000E+00  0.16147270E-02
    249  0.45299918E-02  0.00000000E+00  0.16406613E-02
    250  0.77533209E-02  0.00000000E+00  0.22768062E-02
    251  0.23345084E-02  0.00000000E+00  0.21668698E-02
    252  0.21686291E-02  0.00000000E+00  0.53017495E-02
    253  0.69784713E-02  0.00000000E+00  0.23470790E-02
    254  0.60519640E-02  0.00000000E+00  0.23936478E-02
    255  0.75413428E-02  0.00000000E+00  0.30342617E-02
    256  0.22621583E-02  0.00000000E+00  0.31986130E-02
    257  0.22175809E-02  0.00000000E+00  0.42353870E-02
    258  0.50754642E-02  0.00000000E+00  0.24300617E-02
    259  0.31276754E-02  0.00000000E+00  0.27065764E-02
    260  0.30471376E-02  0.00000000E+00  0.46693157E-02
    261  0.65693695E-02  0.00000000E+00  0.31626278E-02
    262  0.56041687E-02  0.00000000E+00  0.32150411E-02
    263  0.33569935E-02  0.00000000E+00  0.16569832E-02
    264  0.30789827E-02  0.00000000E+00  0.36891525E-02
    265  0.30418732E-02  0.00000000E+00  0.56938986E-02
    266  0.46187963E-02  0.00000000E+00  0.32470850E-02
    267  0.40848293E-02  0.00000000E+00  0.24853103E-02
    268  0.37859145E-02  0.00000000E+00  0.32445306E-02
    269  0.38514876E-02  0.00000000E+00  0.51620689E-02
    270  0.51080050E-02  0.00000000E+00  0.40488695E-02
    271  0.40192888E-02  0.00000000E+00  0.40945286E-02
    272  0.37878042E-02  0.00000000E+00  0.59655587E-02
    273  0.60978981E-02  0.00000000E+00  0.40409975E-02
    274  0.32551477E-02  0.00000000E+00  0.66222738E-02
    275  0.55838741E-02  0.00000000E+00  0.50322577E-02
    276  0.66630888E-02  0.00000000E+00  0.48853543E-02
    277  0.46523752E-02  0.00000000E+00  0.48051440E-02
    278  0.71103371E-02  0.00000000E+00  0.39431963E-02
    279  0.75744271E-02  0.00000000E+00  0.47915043E-02
    280  0.31997224E-02  0.00000000E+00  0.70708967E-03
    281  0.53849363E-03  0.00000000E+00  0.69277884E-02
    282  0.87079825E-03  0.50000000E-02  0.87943732E-03
    283  0.81133986E-03  0.50000000E-02  0.20525630E-02
    284  0.71513260E-03  0.50000000E-02  0.38491303E-02
    285  0.71799950E-03  0.50000000E-02  0.45957875E-02
    286  0.77719934E-03  0.50000000E-02  0.54435600E-02
    287  0.86653337E-03  0.50000000E-02  0.66088301E-02
    288  0.91203502E-02  0.50000000E-02  0.65993952E-02
    289  0.92035218E-02  0.50000000E-02  0.53989538E-02
    290  0.92824690E-02  0.50000000E-02  0.36446415E-02
    291  0.92973876E-02  0.50000000E-02  0.29012164E-02
    292  0.92786864E-02  0.50000000E-02  0.20961887E-02
    293  0.93562263E-02  0.50000000E-02  0.12658082E-02
    294  0.20305586E-02  0.50000000E-02  0.66636749E-02
    295  0.30147708E-02  0.50000000E-02  0.66982951E-02
    296  0.39348275E-02  0.50000000E-02  0.66965197E-02
    297  0.48415088E-02  0.50000000E-02  0.67063974E-02
    298  0.57393059E-02  0.50000000E-02  0.67264811E-02
    299  0.77789526E-02  0.50000000E-02  0.64592054E-02
    300  0.20467123E-02  0.50000000E-02  0.85793397E-03
    301  0.30346229E-02  0.50000000E-02  0.89011099E-03
    302  0.39667450E-02  0.50000000E-02  0.82645541E-03
    303  0.48301079E-02  0.50000000E-02  0.82768548E-03
    304  0.57534925E-02  0.50000000E-02  0.86369188E-03
    305  0.78699500E-02  0.50000000E-02  0.84910602E-03
    306  0.87826108E-02  0.50000000E-02  0.71303626E-03
    307  0.76614573E-03  0.50000000E-02  0.30150871E-02
    308  0.92386668E-02  0.50000000E-02  0.44634220E-02
    309  0.15790300E-02  0.50000000E-02  0.16157002E-02
    310  0.16064670E-02  0.50000000E-02  0.24848968E-02
    311  0.13311601E-02  0.50000000E-02  0.42258908E-02
    312  0.14845049E-02  0.50000000E-02  0.49353938E-02
    313  0.16462870E-02  0.50000000E-02  0.58076054E-02
    314  0.84478748E-02  0.50000000E-02  0.57426488E-02
    315  0.84588107E-02  0.50000000E-02  0.48889004E-02
    316  0.86720037E-02  0.50000000E-02  0.32797601E-02
    317  0.84860915E-02  0.50000000E-02  0.25528433E-02
    318  0.85270952E-02  0.50000000E-02  0.15989626E-02
    319  0.25613445E-02  0.50000000E-02  0.59127623E-02
    320  0.34771485E-02  0.50000000E-02  0.59110693E-02
    321  0.43951707E-02  0.50000000E-02  0.59112561E-02
    322  0.53001544E-02  0.50000000E-02  0.59331133E-02
    323  0.25029574E-02  0.50000000E-02  0.19036077E-02
    324  0.36234225E-02  0.50000000E-02  0.17526689E-02
    325  0.43898774E-02  0.50000000E-02  0.15269171E-02
    326  0.51428798E-02  0.50000000E-02  0.17266731E-02
    327  0.14974889E-02  0.50000000E-02  0.34826134E-02
    328  0.84867556E-02  0.50000000E-02  0.39777007E-02
    329  0.23209686E-02  0.50000000E-02  0.30295627E-02
    330  0.22688523E-02  0.50000000E-02  0.42569252E-02
    331  0.21756452E-02  0.50000000E-02  0.52772008E-02
    332  0.76777388E-02  0.50000000E-02  0.53667892E-02
    333  0.77041294E-02  0.50000000E-02  0.43992370E-02
    334  0.77884090E-02  0.50000000E-02  0.33336881E-02
    335  0.30197560E-02  0.50000000E-02  0.51289456E-02
    336  0.39370212E-02  0.50000000E-02  0.51186367E-02
    337  0.48851513E-02  0.50000000E-02  0.51288305E-02
    338  0.68752789E-02  0.50000000E-02  0.48706807E-02
    339  0.34588971E-02  0.50000000E-02  0.43356184E-02
    340  0.44010660E-02  0.50000000E-02  0.43021847E-02
    341  0.69094781E-02  0.50000000E-02  0.39254884E-02
    342  0.68360508E-02  0.50000000E-02  0.57726611E-02
    343  0.59309825E-02  0.50000000E-02  0.51971313E-02
    344  0.53465133E-02  0.50000000E-02  0.43106609E-02
    345  0.62136623E-02  0.50000000E-02  0.43562942E-02
    346  0.60944767E-02  0.50000000E-02  0.60562804E-02
    347  0.49283189E-02  0.50000000E-02  0.34346190E-02
    348  0.60224287E-02  0.50000000E-02  0.34707979E-02
    349  0.39238801E-02  0.50000000E-02  0.34807033E-02
    350  0.68834236E-02  0.50000000E-02  0.31034753E-02
    351  0.66773955E-02  0.50000000E-02  0.66630954E-02
    352  0.43957595E-02  0.50000000E-02  0.24636416E-02
    353  0.63789690E-02  0.50000000E-02  0.25920338E-02
    354  0.54966358E-02  0.50000000E-02  0.25730137E-02
    355  0.33108765E-02  0.50000000E-02  0.27070379E-02
    356  0.73471552E-02  0.50000000E-02  0.20914590E-02
    357  0.30566949E-02  0.50000000E-02  0.35619695E-02
    358  0.67947449E-02  0.50000000E-02  0.91982802E-03
    359  0.61615718E-02  0.50000000E-02  0.17147112E-02
    360  0.94633934E-02  0.50000000E-02  0.56434070E-03
    361  0.00000000E+00  0.43267278E-02  0.12516428E-02
    362  0.00000000E+00  0.42413819E-02  0.21433741E-02
    363  0.00000000E+00  0.42683923E-02  0.30668250E-02
    364  0.00000000E+00  0.43038602E-02  0.38470670E-02
    365  0.00000000E+00  0.42954267E-02  0.45855986E-02
    366  0.00000000E+00  0.42651651E-02  0.53980431E-02
    367  0.00000000E+00  0.43541212E-02  0.62364616E-02
    368  0.00000000E+00  0.68592090E-03  0.12653605E-02
    369  0.00000000E+00  0.78330455E-03  0.21531799E-02
    370  0.00000000E+00  0.74489395E-03  0.30748013E-02
    371  0.00000000E+00  0.58264651E-03  0.37844619E-02
    372  0.00000000E+00  0.75653623E-03  0.44678151E-02
    373  0.00000000E+00  0.78827091E-03  0.53501038E-02
    374  0.00000000E+00  0.67008781E-03  0.62137896E-02
    375  0.00000000E+00  0.12396067E-02  0.67905377E-02
    376  0.00000000E+00  0.20628993E-02  0.67231744E-02
    377  0.00000000E+00  0.29472427E-02  0.67479380E-02
    378  0.00000000E+00  0.37801229E-02  0.68059419E-02
    379  0.00000000E+00  0.12305728E-02  0.71252122E-03
    380  0.00000000E+00  0.20648470E-02  0.76283054E-03
    381  0.00000000E+00  0.29376209E-02  0.76566905E-03
    382  0.00000000E+00  0.37675563E-02  0.69740935E-03
    383  0.00000000E+00  0.34071004E-02  0.16117768E-02
    384  0.00000000E+00  0.34460708E-02  0.26512500E-02
    385  0.00000000E+00  0.35074315E-02  0.35284852E-02
    386  0.00000000E+00  0.36724086E-02  0.42264593E-02
    387  0.00000000E+00  0.35048646E-02  0.49330749E-02
    388  0.00000000E+00  0.34365782E-02  0.59117986E-02
    389  0.00000000E+00  0.15665818E-02  0.16915753E-02
    390  0.00000000E+00  0.16279650E-02  0.26976889E-02
    391  0.00000000E+00  0.15240529E-02  0.37477571E-02
    392  0.00000000E+00  0.16653962E-02  0.48199970E-02
    393  0.00000000E+00  0.16376052E-02  0.58776960E-02
    394  0.00000000E+00  0.25305882E-02  0.61056266E-02
    395  0.00000000E+00  0.25089244E-02  0.14292977E-02
    396  0.00000000E+00  0.25707420E-02  0.31963148E-02
    397  0.00000000E+00  0.27504599E-02  0.42380707E-02
    398  0.00000000E+00  0.25686157E-02  0.52675262E-02
    399  0.00000000E+00  0.25684718E-02  0.23146369E-02
    400  0.00000000E+00  0.44548888E-02  0.55536749E-03
    401  0.00000000E+00  0.55136875E-03  0.56363635E-03
    402  0.00000000E+00  0.54604763E-03  0.69285664E-02
    403  0.00000000E+00  0.44637953E-02  0.69394531E-02
    404  0.10000000E-01  0.43267278E-02  0.62483325E-02
    405  0.10000000E-01  0.42414899E-02  0.53566854E-02
    406  0.10000000E-01  0.42683923E-02  0.44331750E-02
    407  0.10000000E-01  0.43038602E-02  0.36529330E-02
    408  0.10000000E-01  0.42954264E-02  0.29144066E-02
    409  0.10000000E-01  0.42651638E-02  0.21019748E-02
    410  0.10000000E-01  0.43541181E-02  0.12635761E-02
    411  0.10000000E-01  0.68592090E-03  0.62346329E-02
    412  0.10000000E-01  0.78330377E-03  0.53468171E-02
    413  0.10000000E-01  0.74489299E-03  0.44251960E-02
    414  0.10000000E-01  0.58264651E-03  0.37155381E-02
    415  0.10000000E-01  0.75404890E-03  0.30340817E-02
    416  0.10000000E-01  0.78772337E-03  0.21504645E-02
    417  0.10000000E-01  0.67008777E-03  0.12862192E-02
    418  0.10000000E-01  0.37683639E-02  0.68031077E-02
    419  0.10000000E-01  0.29418656E-02  0.67371066E-02
    420  0.10000000E-01  0.20702104E-02  0.67343186E-02
    421  0.10000000E-01  0.12314667E-02  0.67870008E-02
    422  0.10000000E-01  0.37808832E-02  0.69341864E-03
    423  0.10000000E-01  0.29518114E-02  0.74812247E-03
    424  0.10000000E-01  0.20699209E-02  0.77605774E-03
    425  0.10000000E-01  0.12410106E-02  0.70931357E-03
    426  0.10000000E-01  0.34077015E-02  0.58885852E-02
    427  0.10000000E-01  0.34461178E-02  0.48487696E-02
    428  0.10000000E-01  0.35074372E-02  0.39715139E-02
    429  0.10000000E-01  0.36724088E-02  0.32735458E-02
    430  0.10000000E-01  0.35048628E-02  0.25669404E-02
    431  0.10000000E-01  0.34365755E-02  0.15882508E-02
    432  0.10000000E-01  0.15665818E-02  0.58084247E-02
    433  0.10000000E-01  0.16279579E-02  0.48022885E-02
    434  0.10000000E-01  0.15240497E-02  0.37522364E-02
    435  0.10000000E-01  0.16634300E-02  0.26816172E-02
    436  0.10000000E-01  0.16387736E-02  0.16221940E-02
    437  0.10000000E-01  0.25109607E-02  0.60707411E-02
    438  0.10000000E-01  0.25331385E-02  0.13934240E-02
    439  0.10000000E-01  0.25707441E-02  0.43036689E-02
    440  0.10000000E-01  0.27504573E-02  0.32619349E-02
    441  0.10000000E-01  0.25686110E-02  0.22324949E-02
    442  0.10000000E-01  0.25684444E-02  0.51852704E-02
    443  0.10000000E-01  0.44637940E-02  0.56056249E-03
    444  0.10000000E-01  0.54628167E-03  0.57141048E-03
    445  0.10000000E-01  0.55154753E-03  0.69362667E-02
    446  0.10000000E-01  0.44548888E-02  0.69446218E-02
    447  0.65733367E-02  0.11594889E-02  0.15438746E-02
    448  0.62658004E-02  0.68133214E-03  0.16937425E-02
    449  0.71266349E-02  0.49065310E-03  0.15528236E-02
    450  0.70442818E-02  0.89108502E-03  0.23016375E-02
    451  0.72103362E-02  0.11238201E-02  0.15445201E-02
    452  0.63404953E-02  0.44106240E-02  0.38954488E-02
    453  0.56391000E-02  0.37221422E-02  0.34284997E-02
    454  0.56498135E-02  0.43636607E-02  0.37592258E-02
    455  0.56100320E-02  0.44147070E-02  0.30389084E-02
    456  0.69824234E-02  0.40452951E-02  0.31564005E-02
    457  0.63931826E-02  0.49205340E-03  0.68548853E-02
    458  0.68694875E-02  0.62857021E-03  0.60069482E-02
    459  0.57051647E-02  0.93284139E-03  0.66258488E-02
    460  0.64742588E-02  0.12529735E-02  0.62788501E-02
    461  0.74657295E-02  0.14255018E-02  0.66038375E-02
    462  0.63106245E-02  0.27858356E-02  0.47496916E-02
    463  0.69520292E-02  0.25276756E-02  0.39660656E-02
    464  0.64361985E-02  0.30791974E-02  0.34632336E-02
    465  0.71468921E-02  0.30569131E-02  0.48400359E-02
    466  0.73161838E-02  0.32802611E-02  0.42211353E-02
    467  0.63489894E-02  0.37470260E-02  0.40738550E-02
    468  0.70095747E-02  0.40666005E-02  0.48691835E-02
    469  0.82626445E-02  0.32332132E-02  0.47532902E-02
    470  0.79763755E-02  0.25608602E-02  0.40486627E-02
    471  0.86342609E-02  0.42694663E-02  0.37828553E-02
    472  0.92949169E-02  0.41959877E-02  0.30260617E-02
    473  0.85117109E-02  0.44937031E-02  0.45254887E-02
    474  0.76790433E-02  0.40309047E-02  0.44752341E-02
    475  0.84970603E-02  0.38034536E-02  0.42889691E-02
    476  0.90430519E-02  0.35230003E-02  0.34757601E-02
    477  0.92415083E-02  0.36784031E-02  0.41360040E-02
    478  0.15279170E-02  0.52096514E-03  0.11768241E-02
    479  0.99867245E-03  0.12011826E-02  0.43684358E-03
    480  0.50636060E-02  0.40749270E-02  0.66310279E-02
    481  0.92356242E-02  0.42140340E-02  0.44690236E-02
    482  0.94836298E-02  0.34466393E-02  0.64322804E-02
    483  0.89738145E-02  0.34854824E-02  0.69692866E-02
    484  0.91595072E-02  0.36343911E-02  0.56880731E-02
    485  0.84530199E-02  0.34276906E-02  0.55738296E-02
    486  0.92395656E-02  0.30041512E-02  0.58059352E-02
    487  0.10811799E-02  0.34516058E-02  0.69658323E-02
    488  0.54679735E-03  0.34369284E-02  0.64494363E-02
    489  0.13981839E-02  0.63431135E-03  0.43467321E-02
    490  0.88100284E-02  0.22288661E-02  0.69093090E-02
    491  0.94175693E-02  0.18607009E-02  0.63711745E-02
    492  0.24850694E-02  0.39833216E-02  0.29639129E-02
    493  0.22705030E-02  0.31447199E-02  0.19119146E-02
    494  0.30552731E-02  0.30977160E-02  0.22300691E-02
    495  0.26470998E-02  0.29878388E-02  0.29149170E-02
    496  0.82265370E-03  0.35756484E-02  0.20507870E-02
    497  0.87921269E-03  0.26703696E-02  0.18826962E-02
    498  0.17347496E-02  0.28141437E-02  0.23922713E-02
    499  0.24857167E-02  0.21453945E-02  0.19167667E-02
    500  0.24862965E-02  0.37365730E-02  0.19593546E-02
    501  0.16530609E-02  0.37836956E-02  0.24860159E-02
    502  0.18409753E-02  0.33757340E-02  0.10029720E-02
    503  0.19415463E-02  0.42862487E-02  0.20080002E-02
    504  0.54730847E-02  0.36738804E-02  0.58540362E-02
    505  0.58501917E-02  0.33277138E-02  0.53595756E-02
    506  0.60372734E-02  0.31300676E-02  0.65446016E-02
    507  0.51899850E-02  0.29288447E-02  0.56109605E-02
    508  0.55688904E-02  0.37806900E-02  0.63814609E-02
    509  0.64381342E-02  0.40736562E-02  0.61700386E-02
    510  0.57986160E-02  0.43407544E-02  0.58685266E-02
    511  0.52466602E-02  0.36583482E-02  0.51755230E-02
    512  0.46583423E-02  0.43138121E-02  0.58133798E-02
    513  0.33651900E-02  0.30158041E-02  0.53281644E-02
    514  0.36493922E-02  0.24075855E-02  0.48024873E-02
    515  0.43916195E-02  0.34796558E-02  0.48267646E-02
    516  0.42388369E-02  0.29290544E-02  0.56149564E-02
    517  0.26514425E-02  0.29571892E-02  0.43729614E-02
    518  0.26805799E-02  0.21023431E-02  0.49248436E-02
    519  0.52881283E-02  0.30524977E-02  0.65444564E-02
    520  0.46567270E-02  0.18913676E-02  0.65403432E-02
    521  0.51886914E-02  0.21311077E-02  0.56145149E-02
    522  0.57017873E-02  0.25683015E-02  0.64715082E-02
    523  0.30249890E-02  0.40257256E-02  0.50394307E-02
    524  0.33603346E-02  0.35220596E-02  0.45742840E-02
    525  0.25067569E-02  0.31012590E-02  0.50462279E-02
    526  0.33242232E-02  0.34497611E-02  0.60925740E-02
    527  0.28317443E-02  0.37670950E-02  0.56159273E-02
    528  0.22151747E-02  0.32288458E-02  0.58560139E-02
    529  0.28247798E-02  0.23396416E-02  0.59217336E-02
    530  0.39824722E-02  0.36262886E-02  0.57146535E-02
    531  0.41637402E-02  0.42419522E-02  0.49730735E-02
    532  0.46055294E-02  0.27173848E-02  0.46972455E-02
    533  0.52947225E-02  0.43024826E-02  0.47477833E-02
    534  0.54112263E-02  0.37150437E-02  0.43162443E-02
    535  0.48520947E-02  0.29156161E-02  0.38014930E-02
    536  0.44744848E-02  0.42351545E-02  0.44286223E-02
    537  0.36503633E-02  0.41694450E-02  0.41042822E-02
    538  0.19590687E-02  0.18977694E-02  0.60260459E-02
    539  0.21717348E-02  0.21013722E-02  0.52915872E-02
    540  0.19852878E-02  0.25490392E-02  0.60315491E-02
    541  0.90039084E-02  0.44885911E-02  0.57254606E-02
    542  0.21467991E-02  0.23664690E-02  0.98516641E-03
    543  0.21617005E-02  0.14886218E-02  0.15768894E-02
    544  0.30999263E-02  0.19732784E-02  0.13405279E-02
    545  0.24747113E-02  0.14190279E-02  0.78190002E-03
    546  0.17894538E-02  0.13173884E-02  0.76636276E-03
    547  0.70258314E-02  0.43727243E-02  0.42363489E-02
    548  0.61415024E-02  0.43691634E-02  0.46315780E-02
    549  0.28044195E-02  0.19482686E-02  0.28591463E-02
    550  0.16834438E-02  0.17850839E-02  0.28082293E-02
    551  0.23319628E-02  0.99855103E-03  0.23391859E-02
    552  0.65402919E-02  0.45313337E-02  0.54715606E-02
    553  0.29186483E-02  0.96214126E-03  0.76989562E-03
    554  0.59588337E-02  0.35750908E-02  0.21466785E-02
    555  0.50754724E-02  0.42819828E-02  0.23579872E-02
    556  0.47049779E-02  0.36184050E-02  0.20452652E-02
    557  0.56460164E-02  0.30650448E-02  0.29051474E-02
    558  0.71431645E-02  0.40154736E-02  0.10519566E-02
    559  0.60641402E-02  0.31103224E-02  0.95410459E-03
    560  0.61216904E-02  0.40391488E-02  0.13189961E-02
    561  0.69413614E-02  0.31445832E-02  0.15402641E-02
    562  0.57175118E-02  0.29181084E-02  0.18883956E-02
    563  0.54664337E-02  0.39259964E-02  0.17815853E-02
    564  0.76385099E-03  0.94862015E-03  0.55803997E-02
    565  0.14987043E-02  0.13280032E-02  0.58219074E-02
    566  0.48238249E-03  0.12539446E-02  0.62131407E-02
    567  0.60085399E-03  0.62306743E-03  0.67679500E-02
    568  0.14337155E-02  0.49423770E-03  0.63740159E-02
    569  0.62645059E-02  0.26587711E-02  0.29496704E-02
    570  0.71423608E-02  0.30326361E-02  0.30762341E-02
    571  0.66140862E-02  0.23547483E-02  0.20552985E-02
    572  0.56552410E-03  0.30809031E-02  0.11416213E-02
    573  0.34839765E-02  0.17237719E-02  0.42229346E-02
    574  0.22377681E-02  0.19654213E-02  0.42437939E-02
    575  0.29236055E-02  0.10254984E-02  0.37873543E-02
    576  0.22277336E-02  0.97686355E-03  0.42395857E-02
    577  0.38416942E-02  0.79019781E-03  0.33784253E-02
    578  0.39673876E-02  0.16414238E-02  0.34631419E-02
    579  0.28608767E-02  0.10691161E-02  0.47992505E-02
    580  0.30459992E-02  0.96225378E-03  0.27729960E-02
    581  0.22736981E-02  0.99369558E-03  0.31649261E-02
    582  0.44479999E-02  0.13804092E-02  0.23422653E-02
    583  0.36278698E-02  0.15522104E-02  0.15470939E-02
    584  0.35535027E-02  0.19962252E-02  0.24170661E-02
    585  0.43152282E-02  0.20829216E-02  0.18989637E-02
    586  0.53758593E-02  0.22446057E-02  0.27949787E-02
    587  0.53568715E-02  0.13840691E-02  0.18063876E-02
    588  0.50590057E-02  0.15233720E-02  0.29890148E-02
    589  0.42472528E-02  0.93834416E-03  0.12968952E-02
    590  0.49461052E-02  0.69654570E-03  0.17241696E-02
    591  0.51862346E-02  0.73455932E-03  0.25785458E-02
    592  0.83766012E-02  0.30203359E-02  0.23087587E-02
    593  0.81050331E-02  0.28296353E-02  0.14276279E-02
    594  0.91790352E-02  0.26344941E-02  0.22129456E-02
    595  0.84491167E-02  0.20233572E-02  0.19378201E-02
    596  0.82668690E-02  0.22263175E-02  0.27761711E-02
    597  0.89178029E-02  0.26771571E-02  0.33436227E-02
    598  0.91801509E-02  0.32235440E-02  0.17618223E-02
    599  0.79354789E-03  0.20100137E-02  0.67120357E-02
    600  0.57754060E-02  0.15229332E-02  0.29351041E-02
    601  0.52002040E-02  0.16715082E-02  0.35724551E-02
    602  0.67306235E-02  0.14423338E-02  0.29726524E-02
    603  0.63690585E-02  0.83735201E-03  0.33941003E-02
    604  0.58330740E-02  0.75594016E-03  0.25336291E-02
    605  0.52320946E-03  0.15467727E-02  0.10899025E-02
    606  0.11838771E-02  0.27431778E-02  0.59783203E-03
    607  0.73759584E-03  0.20256508E-02  0.16961088E-02
    608  0.60354476E-02  0.14036506E-02  0.18134835E-02
    609  0.15327774E-02  0.38834284E-02  0.53734737E-02
    610  0.12885500E-02  0.43041771E-02  0.41916957E-02
    611  0.23384367E-02  0.40665106E-02  0.51637287E-02
    612  0.12016278E-02  0.35065224E-02  0.44166460E-02
    613  0.78082719E-03  0.41989009E-02  0.53197485E-02
    614  0.85203961E-03  0.33226649E-02  0.56175459E-02
    615  0.58193126E-03  0.39894870E-02  0.58651431E-02
    616  0.83779712E-03  0.33699239E-02  0.49708076E-02
    617  0.16874905E-02  0.32109909E-02  0.53291358E-02
    618  0.16116719E-02  0.44327793E-02  0.63968766E-02
    619  0.21008463E-02  0.38596711E-02  0.59315278E-02
    620  0.21875957E-02  0.45235651E-02  0.58981874E-02
    621  0.75006885E-02  0.30637106E-02  0.10877897E-02
    622  0.68839425E-02  0.18174740E-02  0.15643880E-02
    623  0.75285258E-02  0.27672080E-02  0.21741025E-02
    624  0.80017177E-02  0.22276363E-02  0.75258687E-03
    625  0.65001692E-02  0.24909838E-02  0.95942715E-03
    626  0.86653354E-02  0.28853561E-02  0.70615596E-03
    627  0.81947614E-02  0.35700067E-02  0.70133596E-03
    628  0.35142468E-02  0.29955783E-02  0.16178649E-02
    629  0.34497061E-02  0.25560202E-02  0.89937710E-03
    630  0.25153379E-02  0.36016703E-02  0.97155996E-03
    631  0.84300963E-02  0.20361987E-02  0.37980690E-02
    632  0.88210311E-02  0.16818664E-02  0.44062878E-02
    633  0.89820176E-02  0.25735248E-02  0.41780714E-02
    634  0.32842334E-02  0.12881884E-02  0.21473037E-02
    635  0.79185758E-02  0.15248754E-02  0.34225853E-02
    636  0.84151207E-02  0.11086066E-02  0.23828843E-02
    637  0.91048190E-02  0.14484277E-02  0.28019557E-02
    638  0.82882326E-02  0.93089923E-03  0.30435412E-02
    639  0.91190571E-02  0.13650591E-02  0.35156552E-02
    640  0.85976692E-02  0.84719871E-03  0.39224178E-02
    641  0.91528166E-02  0.84156002E-03  0.30386858E-02
    642  0.74068177E-02  0.10218569E-02  0.30483967E-02
    643  0.48818428E-03  0.41164090E-02  0.44416739E-02
    644  0.75040007E-03  0.37402285E-02  0.38220224E-02
    645  0.76842224E-02  0.85256557E-03  0.22453149E-02
    646  0.39484845E-02  0.67259243E-03  0.58496334E-02
    647  0.43662037E-02  0.12103226E-02  0.63560801E-02
    648  0.49223043E-02  0.95378089E-03  0.66389395E-02
    649  0.54530827E-02  0.68169314E-03  0.58686659E-02
    650  0.48473789E-02  0.69039554E-03  0.50727711E-02
    651  0.11841875E-02  0.44198823E-02  0.27354148E-02
    652  0.41016047E-02  0.70883654E-03  0.46016728E-02
    653  0.41990224E-02  0.14038143E-02  0.51093483E-02
    654  0.41148625E-02  0.13691792E-02  0.57298671E-02
    655  0.35755902E-02  0.15805506E-02  0.52032191E-02
    656  0.88462792E-02  0.52563590E-03  0.57363412E-02
    657  0.95056416E-02  0.94319956E-03  0.66426806E-02
    658  0.91641452E-02  0.86616067E-03  0.51714974E-02
    659  0.83011920E-02  0.11704691E-02  0.51270453E-02
    660  0.79118536E-03  0.31996616E-02  0.32908425E-02
    661  0.80716759E-02  0.16274424E-02  0.65542543E-02
    662  0.90633128E-02  0.17605990E-02  0.55417991E-02
    663  0.77767731E-02  0.11750103E-02  0.57328916E-02
    664  0.94250422E-02  0.10477523E-02  0.57725948E-02
    665  0.77694288E-03  0.14183805E-02  0.25783947E-02
    666  0.73163980E-03  0.81594655E-03  0.31144337E-02
    667  0.15353550E-02  0.92507276E-03  0.22757421E-02
    668  0.14939223E-02  0.90824073E-03  0.31341752E-02
    669  0.15246731E-02  0.15213147E-02  0.20242329E-02
    670  0.76846237E-03  0.13511605E-02  0.35533977E-02
    671  0.76972554E-03  0.13421748E-02  0.19089387E-02
    672  0.89768888E-02  0.35322357E-02  0.52954425E-03
    673  0.92823664E-02  0.43575028E-02  0.11112264E-02
    674  0.94796130E-02  0.34295467E-02  0.10318907E-02
    675  0.85159242E-02  0.41836128E-02  0.84807246E-03
    676  0.29635113E-02  0.43503996E-02  0.15807478E-02
    677  0.38504053E-02  0.45080278E-02  0.20970637E-02
    678  0.34236729E-02  0.37507156E-02  0.12455304E-02
    679  0.10581800E-02  0.26853126E-02  0.41281017E-02
    680  0.92370398E-02  0.23200058E-02  0.16363711E-02
    681  0.92003988E-02  0.32663422E-02  0.24398542E-02
    682  0.85420078E-02  0.40901406E-02  0.31451806E-02
    683  0.78010755E-02  0.37279283E-02  0.13936793E-02
    684  0.78814058E-02  0.17465253E-02  0.15024762E-02
    685  0.76011085E-03  0.35051815E-03  0.15150640E-02
    686  0.49047481E-03  0.93899155E-03  0.85861521E-03
    687  0.21325680E-02  0.87457668E-03  0.67734527E-02
    688  0.15292048E-02  0.14219411E-02  0.66705183E-02
    689  0.24957513E-02  0.99045865E-03  0.60247513E-02
    690  0.28239756E-02  0.91212505E-03  0.67592100E-02
    691  0.24291293E-02  0.18028364E-02  0.67495387E-02
    692  0.43277927E-02  0.43299398E-02  0.16721366E-02
    693  0.42465031E-02  0.29994829E-02  0.19083912E-02
    694  0.43756030E-02  0.40357825E-02  0.89624006E-03
    695  0.83481157E-02  0.39910902E-02  0.21229591E-02
    696  0.92080813E-02  0.41284487E-02  0.21049315E-02
    697  0.49771774E-02  0.40108645E-02  0.13429209E-02
    698  0.15891050E-02  0.45081149E-02  0.52756532E-02
    699  0.54025943E-02  0.25247433E-02  0.46375939E-02
    700  0.64057889E-02  0.36888954E-02  0.51058987E-02
    701  0.35911275E-02  0.94384694E-03  0.65850634E-02
    702  0.33396182E-02  0.16103303E-02  0.61305990E-02
    703  0.39248546E-02  0.18815848E-02  0.65481625E-02
    704  0.21701164E-02  0.10684687E-02  0.52964427E-02
    705  0.73504951E-02  0.15423548E-02  0.39230143E-02
    706  0.72737797E-02  0.20327494E-02  0.30623153E-02
    707  0.94861323E-02  0.15393606E-02  0.10674072E-02
    708  0.23196624E-02  0.44141570E-02  0.34737289E-02
    709  0.61434307E-02  0.43025650E-02  0.23890710E-02
    710  0.41624452E-02  0.42296518E-02  0.32610628E-02
    711  0.33424860E-02  0.39454862E-02  0.26042161E-02
    712  0.17941081E-02  0.29018263E-02  0.45976280E-02
    713  0.24277759E-02  0.39787902E-02  0.43412256E-02
    714  0.89541106E-02  0.14798442E-02  0.69359071E-02
    715  0.86710928E-02  0.82469702E-03  0.46049263E-02
    716  0.43993881E-02  0.34657370E-02  0.30432176E-02
    717  0.48367940E-02  0.42157443E-02  0.32278805E-02
    718  0.36493922E-02  0.28400391E-02  0.28625969E-02
    719  0.10359369E-02  0.44125370E-02  0.16211411E-02
    720  0.61832592E-02  0.70625648E-03  0.51316828E-02
    721  0.66899192E-02  0.14050698E-02  0.50773304E-02
    722  0.83910599E-02  0.48034737E-03  0.11474186E-02
    723  0.82526039E-02  0.12493528E-02  0.77205774E-03
    724  0.68811406E-02  0.51365927E-03  0.52945004E-02
    725  0.76300530E-02  0.19735452E-02  0.57125445E-02
    726  0.74291523E-02  0.10380415E-02  0.48079905E-02
    727  0.82363207E-02  0.19297859E-02  0.51414254E-02
    728  0.66697653E-02  0.19383593E-02  0.56687272E-02
    729  0.78896619E-02  0.23417862E-02  0.64678513E-02
    730  0.33357339E-02  0.62662805E-03  0.59784632E-02
    731  0.53667603E-02  0.18619533E-02  0.65499539E-02
    732  0.12980881E-02  0.26927588E-02  0.67543546E-02
    733  0.38737922E-02  0.31546468E-02  0.97326504E-03
    734  0.68780157E-03  0.23592149E-02  0.58584707E-02
    735  0.54015410E-02  0.83799940E-03  0.33944242E-02
    736  0.63260077E-02  0.44665489E-03  0.27570731E-02
    737  0.19446714E-02  0.33221780E-02  0.66287657E-02
    738  0.27678916E-02  0.41409475E-02  0.66951113E-02
    739  0.84181447E-02  0.43811146E-02  0.62548402E-02
    740  0.82005123E-02  0.36913508E-02  0.67562968E-02
    741  0.96497231E-03  0.45223334E-02  0.47314409E-02
    742  0.26100148E-02  0.15462391E-02  0.57081799E-02
    743  0.79585025E-02  0.10486387E-02  0.15167648E-02
    744  0.92102485E-02  0.40156170E-03  0.14863269E-02
    745  0.38410183E-02  0.33404680E-02  0.38731657E-02
    746  0.40316735E-02  0.25134331E-02  0.36426964E-02
    747  0.46507446E-02  0.26416066E-02  0.28449791E-02
    748  0.58886986E-02  0.84414956E-03  0.42492966E-02
    749  0.56821825E-02  0.16776584E-02  0.44548414E-02
    750  0.57096966E-02  0.14028433E-02  0.53747762E-02
    751  0.91813281E-02  0.16355789E-02  0.18036672E-02
    752  0.86780423E-02  0.19570058E-02  0.76137466E-03
    753  0.76091257E-02  0.17731477E-02  0.22110036E-02
    754  0.71321237E-02  0.80447952E-03  0.76798443E-03
    755  0.92214392E-02  0.36402075E-02  0.49837553E-02
    756  0.93202963E-02  0.25732263E-02  0.48259944E-02
    757  0.61686928E-02  0.16750689E-02  0.36255408E-02
    758  0.37283732E-02  0.43167253E-02  0.58133798E-02
    759  0.45719165E-02  0.31384837E-02  0.65565784E-02
    760  0.41271625E-02  0.40797824E-02  0.62306197E-02
    761  0.67633162E-02  0.51883835E-03  0.44244146E-02
    762  0.69345497E-02  0.15374994E-02  0.44862395E-02
    763  0.16928915E-02  0.45098811E-02  0.10940289E-02
    764  0.76395657E-03  0.40404433E-02  0.32053199E-02
    765  0.15644873E-02  0.38140304E-02  0.33834185E-02
    766  0.45181834E-02  0.68942446E-03  0.28007717E-02
    767  0.30476474E-02  0.25276756E-02  0.35336120E-02
    768  0.39662872E-02  0.18702556E-02  0.95572305E-03
    769  0.42983959E-02  0.24946588E-02  0.95183874E-03
    770  0.46687387E-02  0.31610816E-02  0.85757207E-03
    771  0.77615455E-02  0.39509600E-02  0.32475360E-02
    772  0.53160912E-02  0.30965870E-02  0.97748567E-03
    773  0.57430370E-02  0.24745900E-02  0.94860181E-03
    774  0.26029828E-02  0.92842599E-03  0.15844804E-02
    775  0.10452841E-02  0.36790506E-02  0.27955926E-02
    776  0.17075241E-02  0.30766635E-02  0.31003922E-02
    777  0.84794136E-02  0.41175112E-02  0.52657449E-02
    778  0.77452660E-02  0.40003285E-02  0.52927607E-02
    779  0.54293787E-02  0.18563367E-02  0.94245165E-03
    780  0.58458927E-02  0.92682021E-03  0.12465079E-02
    781  0.58057965E-02  0.20742672E-02  0.18279580E-02
    782  0.61662514E-02  0.18253053E-02  0.92302187E-03
    783  0.14288600E-02  0.22483286E-02  0.55699633E-02
    784  0.79401198E-03  0.19188582E-02  0.50403965E-02
    785  0.14944792E-02  0.13720975E-02  0.49478495E-02
    786  0.80836769E-02  0.30474856E-02  0.67201797E-02
    787  0.68681929E-02  0.30164516E-02  0.61021140E-02
    788  0.77273743E-02  0.34452244E-02  0.59966682E-02
    789  0.74414527E-02  0.38408970E-02  0.21342882E-02
    790  0.78408932E-02  0.74022968E-03  0.81066636E-03
    791  0.75882929E-02  0.13431788E-02  0.77019085E-03
    792  0.54688049E-02  0.40252563E-02  0.86280616E-03
    793  0.64664902E-02  0.25004854E-02  0.65329489E-02
    794  0.35910169E-02  0.88377978E-03  0.82570163E-03
    795  0.31894248E-02  0.39965929E-02  0.34967111E-02
    796  0.92004724E-02  0.77545398E-03  0.21899983E-02
    797  0.34982278E-02  0.25108436E-02  0.65394226E-02
    798  0.21144697E-02  0.40916526E-02  0.67095081E-02
    799  0.71007330E-02  0.41279076E-02  0.67410897E-02
    800  0.10129148E-02  0.34926035E-02  0.53039077E-03
    801  0.15251517E-02  0.40303520E-02  0.54689724E-03
    802  0.72867274E-02  0.20570264E-02  0.48241750E-02
    803  0.59602233E-02  0.24590685E-02  0.55850525E-02
    804  0.70865761E-03  0.25566272E-02  0.26664967E-02
    805  0.49007884E-02  0.93316508E-03  0.87933155E-03
    806  0.50179651E-02  0.24910981E-02  0.18850449E-02
    807  0.42870669E-02  0.20897193E-02  0.56055691E-02
    808  0.50338069E-02  0.13968246E-02  0.53802375E-02
    809  0.72256249E-03  0.91600936E-03  0.43464047E-02
    810  0.15886384E-02  0.16982760E-02  0.38078392E-02
    811  0.94943121E-02  0.16323414E-02  0.43098270E-02
    812  0.64493092E-02  0.20491444E-02  0.41711791E-02
    813  0.50091064E-02  0.24679606E-02  0.38240768E-02
    814  0.19969649E-02  0.25107588E-02  0.34292880E-02
    815  0.99289021E-03  0.25276653E-02  0.33391251E-02
    816  0.30198100E-02  0.45151487E-02  0.58726156E-02
    817  0.92263091E-02  0.42253654E-02  0.53212987E-02
    818  0.60816193E-02  0.18731687E-02  0.65491335E-02
    819  0.47156359E-02  0.18660475E-02  0.94504119E-03
    820  0.43538958E-02  0.87448943E-03  0.39798338E-02
    821  0.47677509E-02  0.82893600E-03  0.44551650E-02
    822  0.46311524E-02  0.18029275E-02  0.47218879E-02
    823  0.11051673E-02  0.44860165E-02  0.58418647E-02
    824  0.73888297E-02  0.41087563E-02  0.59942128E-02
    825  0.34328417E-02  0.40775165E-02  0.66271434E-02
    826  0.47460631E-02  0.83411508E-03  0.34148167E-02
    827  0.75282720E-02  0.36019902E-02  0.67571793E-02
    828  0.48833089E-02  0.16621212E-02  0.41033113E-02
    829  0.55478499E-02  0.85191819E-03  0.49047745E-02
    830  0.59680035E-02  0.25134331E-02  0.38569812E-02
    831  0.56724767E-02  0.31255411E-02  0.39121453E-02
    832  0.42375419E-02  0.25166699E-02  0.65517230E-02
    833  0.38552608E-02  0.31452812E-02  0.65549598E-02
    834  0.50270287E-02  0.24865665E-02  0.94504119E-03
