   0.01  
   0.01  
   0.02  
   0.03  
   0.05  
   0.07  
   0.10  
   0.14  
   0.19  
   0.25  
   0.32  
   0.40  
   0.50  
   0.59  
   0.69  
   0.78  
   0.87  
   0.93  
   0.98  
   1.00  
   0.99  
   0.96  
   0.90  
   0.82  
   0.72  
   0.62  
   0.52  
   0.42  
   0.33  
   0.25  
   0.18  
   0.13  
   0.09  
   0.06  
   0.04  
   0.03  
   0.02  
   0.01  
   0.01  
   0.00  
   0.00  
   0.00  
   0.00  
   0.00  
   0.00  
   0.00  
  -0.00  
  -0.00  
   0.00  
  -0.00  
   0.00  
   0.00  
  -0.00  
   0.00  
   0.00  
  -0.00  
   0.00  
  -0.00  
  -0.00  
   0.00  
  -0.00  
   0.00  
  -0.00  
  -0.00  
   0.00  
  -0.00  
   0.00  
  -0.00  
  -0.00  
   0.00  
  -0.00  
   0.00  
  -0.00  
   0.00  
   0.00  
  -0.00  
   0.00  
  -0.00  
   0.00  
  -0.00  
   0.00  
  -0.00  
  -0.00  
   0.00  
  -0.00  
   0.00  
  -0.00  
   0.00  
  -0.00  
   0.00  
  -0.00  
   0.00  
  -0.00  
   0.00  
  -0.00  
   0.00  
  -0.00  
   0.00  
  -0.00  
   0.00  
  -0.00  
   0.00  
  -0.00  
   0.00  
  -0.00  
   0.00  
  -0.00  
   0.00  
  -0.00  
   0.00  
  -0.00  
   0.00  
  -0.00  
   0.00  
  -0.00  
   0.00  
  -0.00  
  -0.00  
   0.00  
  -0.00  
   0.00  
  -0.00  
   0.00  
  -0.00  
   0.00  
   0.00  
  -0.00  
   0.00  
  -0.00  
   0.00  
  -0.00  
  -0.00  
   0.00  
  -0.00  
   0.00  
  -0.00  
  -0.00  
   0.00  
  -0.00  
   0.00  
  -0.00  
  -0.00  
   0.00  
  -0.00  
   0.00  
   0.00  
  -0.00  
   0.00  
   0.00  
  -0.00  
   0.00  
  -0.00  
  -0.00  
   0.00  
   0.00  
   0.00  
   0.00  
   0.00  
   0.00  
   0.00  
   0.01  
   0.01  
   0.02  
   0.03  
   0.04  
   0.06  
   0.09  
   0.13  
   0.18  
   0.25  
   0.33  
   0.42  
   0.52  
   0.62  
   0.72  
   0.82  
   0.90  
   0.96  
   0.99  
   1.00  
   0.98  
   0.93  
   0.87  
   0.78  
   0.69  
   0.59  
   0.50  
   0.40  
   0.32  
   0.25  
   0.19  
   0.14  
   0.10  
   0.07  
   0.05  
   0.03  
   0.02  
   0.01  
   0.01  
   0.00  
