  -0.01 
  -0.02 
  -0.03 
  -0.04 
  -0.07 
  -0.09 
  -0.13 
  -0.17 
  -0.23 
  -0.30 
  -0.38 
  -0.47 
  -0.57 
  -0.67 
  -0.76 
  -0.85 
  -0.92 
  -0.97 
  -1.00 
  -1.00 
  -0.97 
  -0.91 
  -0.84 
  -0.75 
  -0.65 
  -0.54 
  -0.44 
  -0.35 
  -0.27 
  -0.20 
  -0.14 
  -0.10 
  -0.07 
  -0.04 
  -0.03 
  -0.02 
  -0.01 
  -0.01 
  -0.00 
  -0.00 
  -0.00 
  -0.00 
  -0.00 
   0.00 
  -0.00 
  -0.00 
   0.00 
  -0.00 
   0.00 
   0.00 
  -0.00 
   0.00 
   0.00 
  -0.00 
   0.00 
  -0.00 
  -0.00 
   0.00 
  -0.00 
   0.00 
   0.00 
  -0.00 
   0.00 
  -0.00 
   0.00 
   0.00 
  -0.00 
   0.00 
  -0.00 
   0.00 
  -0.00 
  -0.00 
   0.00 
  -0.00 
   0.00 
  -0.00 
   0.00 
  -0.00 
   0.00 
   0.00 
  -0.00 
   0.00 
  -0.00 
   0.00 
  -0.00 
   0.00 
  -0.00 
   0.00 
  -0.00 
   0.00 
  -0.00 
  -0.00 
   0.00 
  -0.00 
   0.00 
  -0.00 
   0.00 
  -0.00 
   0.00 
  -0.00 
   0.00 
  -0.00 
   0.00 
  -0.00 
   0.00 
  -0.00 
   0.00 
   0.00 
  -0.00 
   0.00 
  -0.00 
   0.00 
  -0.00 
   0.00 
  -0.00 
   0.00 
  -0.00 
   0.00 
  -0.00 
  -0.00 
   0.00 
  -0.00 
   0.00 
  -0.00 
   0.00 
  -0.00 
   0.00 
   0.00 
  -0.00 
   0.00 
  -0.00 
   0.00 
  -0.00 
  -0.00 
   0.00 
  -0.00 
   0.00 
  -0.00 
  -0.00 
   0.00 
  -0.00 
   0.00 
   0.00 
  -0.00 
   0.00 
  -0.00 
  -0.00 
   0.00 
  -0.00 
  -0.00 
   0.00 
  -0.00 
   0.00 
   0.00 
  -0.00 
   0.00 
   0.00 
   0.00 
   0.00 
   0.00 
   0.01 
   0.01 
   0.02 
   0.03 
   0.04 
   0.07 
   0.10 
   0.14 
   0.20 
   0.27 
   0.35 
   0.44 
   0.54 
   0.65 
   0.75 
   0.84 
   0.91 
   0.97 
   1.00 
   1.00 
   0.97 
   0.92 
   0.85 
   0.76 
   0.67 
   0.57 
   0.47 
   0.38 
   0.30 
   0.23 
   0.17 
   0.13 
   0.09 
   0.07 
   0.04 
   0.03 
   0.02 
   0.01 
   0.00 
   0.00 
